4 1 2
2 1 1.05
5 6 1.05
1 2 0.0 0.03
2 3 0.06 0.025
3 4 0.08 0.3
4 5 0.1 0.35
5 6 0.0 0.015
2 5 0.04 0.25
0 0
4
2 0.5
3 0.5
4 0.25
5 0.25
-2.0 -1.0
-1.8 -0.4
-1.6 -0.8
-3.7 -1.3
5.0 1.1
1.1 0.0
1.0 0.0
1.0 0.0
1.0 0.0
1.0 0.0
1.1 0.0

//说明：
    第一行包含三个正整数；第一个数表示pq节点的个数n,第二个表示
pv节点的个数m，第三个表示变压器个数tnum。
    接下来的tnum行写入所以变压器变比k，第一、第二个数分别是变压器高低次侧
所连节点号，第三个数为变比；（高低次侧应与变比对应）
    然后输入线路的阻抗，格式为：节点号 节点号 阻抗，输入以 0 0 结束；
    接着输入各个节点的对地电容（不包含变压器等效电容），第一行输入含有对地电容的节点个数，
然后输入节点电容；
    输入节点电容后输入节点的输入功率，个数为pq与pv节点个数只和，先输入所以的pq节点，
再输入pv节点；
    最后输入初始电压，第一行为平衡节点电压；余下n+m行是pq节点电压、pv节点电压；
    整个输入过程要注意节点与数据的对应；第一个节点为平衡节点，pv节点在最后；