4 0 0
1 2 0.02 0.06
1 3 0.08 0.24
2 3 0.06 0.18
2 4 0.06 0.18
2 5 0.04 0.12
3 4 0.01 0.03
4 5 0.08 0.24
0 0
0.20 0.20
-0.45 -0.15
-0.40 -0.05
-0.60 -0.10


4 0 0
5 2 0.02 0.06
5 3 0.08 0.24
2 3 0.06 0.18
2 4 0.06 0.18
2 1 0.04 0.12
3 4 0.01 0.03
4 1 0.08 0.24
0 0







1.0 0.0
1.0 0.0
1.0 0.0
1.0 0.0
1.06 0.0
-0.60 -0.10
0.20 0.20
-0.45 -0.15
-0.40 -0.05

4 0 0
5 2 0.02 0.06
5 3 0.08 0.24
2 3 0.06 0.18
2 4 0.06 0.18
2 1 0.04 0.12
3 4 0.01 0.03
4 1 0.08 0.24
0 0

4 0 0
1 2 0.02 0.06
1 3 0.08 0.24
2 3 0.06 0.18
2 4 0.06 0.18
2 5 0.04 0.12
3 4 0.01 0.03
4 5 0.08 0.24
0 0
0.20 0.20
-0.45 -0.15
-0.40 -0.05
-0.60 -0.10