234 0
206 0
212 0
217 0
242 0
40 30
-50 -30
-180 -100
0 10


1.0 0.0
1.0 0.0
1.0 0.0
1.0 0.0
1.06 0.0
-0.60 -0.10
0.20 0.20
-0.45 -0.15
-0.40 -0.05


110 0
100 0
100 0
220 0
242 0
-40 -30
50 30
180 100
0 -10


0.99627 -0.10441
1.03546 -0.04773
1.00532 -0.08455
1.00334 -0.09015
1.06 0.0
0.20 0.20
-0.45 -0.15
-0.40 -0.05
-0.60 -0.10

1.00934 -0.10761
1.04296 -0.04729
1.01539 -0.08629
1.01410 -0.09223
1.06 0.0
-0.60 -0.10
0.20 0.20
-0.45 -0.15
-0.40 -0.05

0.99627 -0.10441
1.03546 -0.04773
1.00532 -0.08455
1.00334 -0.09015
1.06 0
-0.60 -0.10
0.20 0.20
-0.45 -0.15
-0.40 -0.05



1.03546 -0.04773
1.00532 -0.08455
1.00334 -0.09015
0.99627 -0.10441
1.06 0.0
-0.60 -0.10
0.20 0.20
-0.45 -0.15
-0.40 -0.05









1.0 0.0
1.0 0.0
1.0 0.0
1.0 0.0
1.06 0.0
-0.60 -0.10
0.20 0.20
-0.45 -0.15
-0.40 -0.05

1.00934 -0.10761
1.04296 -0.04729
1.01539 -0.08629
1.01410 -0.09223
1.06 0.0
-0.60 -0.10
0.20 0.20
-0.45 -0.15
-0.40 -0.05
