8
11.250000 3.750000 -7.500000 -2.500000 0.000000 0.000000 -3.750000 -1.250000
-3.750000 11.250000 2.500000 -7.500000 0.000000 0.000000 1.250000 -3.750000
-7.500000 -2.500000 33.400000 10.533333 -5.000000 -1.666667 -5.000000 -1.666667
2.500000 -7.500000 -11.133333 31.600000 1.666667 -5.000000 1.666667 -5.000000
0.000000 0.000000 -5.000000 -1.666667 38.975000 12.841667 -30.000000 -10.000000
0.000000 0.000000 1.666667 -5.000000 -12.991667 38.525000 10.000000 -30.000000
-3.750000 -1.250000 -5.000000 -1.666667 -30.000000 -10.000000 38.750000 12.916667
1.250000 -3.750000 1.666667 -5.000000 10.000000 -30.000000 -12.916667 38.750000
-0.6 -0.1 0.5 1.1 -0.37 0.07 -0.4 -0.05

11.250000 3.750000 -7.500000 -2.500000 0.000000 0.000000 -3.750000 -1.250000
-3.750000 11.250000 2.500000 -7.500000 0.000000 0.000000 1.250000 -3.750000
-7.500000 -2.500000 33.400000 10.533333 -5.000000 -1.666667 -5.000000 -1.666667
2.500000 -7.500000 -11.133333 31.600000 1.666667 -5.000000 1.666667 -5.000000
0.000000 0.000000 -5.000000 -1.666667 38.975000 12.841667 -30.000000 -10.000000
0.000000 0.000000 1.666667 -5.000000 -12.991667 38.525000 10.000000 -30.000000
-3.750000 -1.250000 -5.000000 -1.666667 -30.000000 -10.000000 38.750000 12.916667
1.250000 -3.750000 1.666667 -5.000000 10.000000 -30.000000 -12.916667 38.750000
-0.600000 -0.100000 0.500000 1.100000 -0.375000 0.075000 -0.400000 -0.050000


11.259825 5.032975 -7.646625 -2.051688 -0.000000 0.536963 -3.823313 -0.757363
-2.732975 11.680050 2.230675 -7.646625 -0.000000 -0.000000 1.115338 -3.823313
-7.328525 0.234575 32.275675 11.891375 -4.885683 1.072342 -4.885683 1.072342
1.879175 -7.328525 -9.890558 31.238208 1.252783 -4.885683 1.252783 -4.885683
-0.000000 3.493312 -4.866450 1.821079 37.745842 16.511433 -29.198700 -6.540087
-0.000000 -0.000000 1.221483 -4.866450 -9.408183 37.684133 7.328900 -29.198700
-3.605500 2.800550 -4.807333 2.385438 -28.844000 -5.916812 37.414596 16.039954
0.853800 -3.605500 1.138400 -4.807333 6.830400 -28.844000 -9.697021 37.099071




11.051512 4.395562 -7.301025 -1.312737 -0.000000 1.210612 -3.650512 -0.051063
-3.174488 10.851562 1.716275 -7.301025 -0.000000 -0.000000 0.858137 -3.650512
-7.703975 -1.070475 33.159442 13.091308 -5.135983 -0.201342 -5.135983 -0.201342
2.252725 -7.703975 -9.506158 33.608342 1.501817 -5.135983 1.501817 -5.135983
-0.000000 3.343738 -4.933133 1.651421 38.384758 16.029992 -29.598800 -6.810163
-0.000000 -0.000000 1.260867 -4.933133 -10.200917 38.078808 7.565200 -29.598800
-3.687588 2.306287 -4.916783 1.883746 -29.500700 -6.567087 38.155146 16.272429
0.921763 -3.687588 1.229017 -4.916783 7.374100 -29.500700 -9.925154 38.054996
-0.6 -0.1 0.5 1.1 -0.37 0.07 -0.4 -0.05




11.250000 3.750000 -7.500000 -2.500000 0.000000 0.000000 -3.750000 -1.250000
-3.750000 11.250000 2.500000 -7.500000 0.000000 0.000000 1.250000 -3.750000
-7.500000 -2.500000 33.400000 10.533333 -5.000000 -1.666667 -5.000000 -1.666667
2.500000 -7.500000 -11.133333 31.600000 1.666667 -5.000000 1.666667 -5.000000
0.000000 0.000000 -5.000000 -1.666667 38.975000 12.841667 -30.000000 -10.000000
0.000000 0.000000 1.666667 -5.000000 -12.991667 38.525000 10.000000 -30.000000
-3.750000 -1.250000 -5.000000 -1.666667 -30.000000 -10.000000 38.750000 12.916667
1.250000 -3.750000 1.666667 -5.000000 10.000000 -30.000000 -12.916667 38.750000




-0.6 -0.1 0.5 1.1 -0.37 0.07 -0.4 -0.05