a=[11.250000,3.750000,-7.500000 ,-2.500000, 0.000000 ,0.000000, -3.750000, -1.250000;
-3.750000 ,1.250000 ,2.500000, -7.500000, 0.000000, 0.000000, 1.250000 ,-3.750000;
-7.500000 ,-2.500000 ,33.400000, 10.533333, -5.000000, -1.666667 ,-5.000000, -1.666667;
2.500000 ,-7.500000 ,-11.133333, 31.600000, 1.666667, -5.000000 ,1.666667 ,-5.000000;
0.000000 ,0.000000 ,-5.000000 ,-1.666667 ,38.975000 ,12.841667 ,-30.000000 ,-10.000000;
0.000000 ,0.000000 ,1.666667 ,-5.000000 ,-12.991667 ,38.525000 ,10.000000 ,-30.000000;
-3.750000 ,-1.250000, -5.000000, -1.666667, -30.000000, -10.000000, 38.750000, 12.916667;
1.250000 ,-3.750000, 1.666667 ,-5.000000 ,10.000000 ,-30.000000 ,-12.916667 ,38.750000;];
b=[-0.6 ;-0.1; 0.5; 1.1; -0.37;0.075;-0.4 ;-0.05 ];

a=[11.250000,3.750000,-7.500000,-2.500000,0.000000,0.000000,-3.750000,-1.250000;
-3.750000,11.250000,2.500000,-7.500000,0.000000,0.000000,1.250000,-3.750000;
-7.500000,-2.500000,33.400000,10.533333,-5.000000,-1.666667,-5.000000,-1.666667;
2.500000,-7.500000,-11.133333,31.600000,1.666667,-5.000000,1.666667,-5.000000;
0.000000,0.000000,-5.000000,-1.666667,38.975000,12.841667,-30.000000,-10.000000;
0.000000,0.000000,1.666667,-5.000000,-12.991667,38.525000,10.000000,-30.000000;
-3.750000,-1.250000,-5.000000,-1.666667,-30.000000,-10.000000,38.750000,12.916667;
1.250000,-3.750000,1.666667,-5.000000,10.000000,-30.000000,-12.916667,38.750000;];

0.016438 -0.063665 -0.077247 -0.022003 -0.000994 -0.031706 0.010537 -0.036136