G=[0.000000,-0.000000,0.000000,0.000000,0.000000,0.000000;

-0.000000,1.531741,-0.907716,0.000000,-0.624025,0.000000;

0.000000,-0.907716,1.737591,-0.829876,0.000000,0.000000;

0.000000,0.000000,-0.829876,1.584592,-0.754717,0.000000;

0.000000,-0.624025,0.000000,-0.754717,1.378742,-0.000000;

0.000000,0.000000,0.000000,0.000000,-0.000000,0.000000;];

B=[-33.333333,31.746032,0.000000,0.000000,0.000000,0.000000;

31.746032,-37.416620,3.782148,0.000000,3.900156,0.000000;

0.000000,3.782148,-6.394181,3.112033,0.000000,0.000000;

0.000000,0.000000,3.112033,-5.253543,2.641509,0.000000;

0.000000,3.900156,0.000000,2.641509,-66.510297,63.492063;

0.000000,0.000000,0.000000,0.000000,63.492063,-66.666667;]
P=[0.000000,-2.000000,-1.800000,-1.600000,-3.700000,5.000000;];
Q=[0.000000,-1.000000,-0.400000,-0.800000,-1.300000,1.102500;];